%YAML:1.0
hog: [ 3.19089770e-001, 3.26065570e-001, 4.56970364e-001,
    4.48000431e-001, 7.07292557e-002, 1.92264482e-001, 3.21377665e-001,
    3.67934287e-001, 3.18918765e-001, 3.84990066e-001, 1.17758133e-001,
    3.64128709e-001, 5.68475604e-001, 3.43631327e-001, 8.42908621e-002,
    1.41190112e-001, 2.75467873e-001, 4.01443362e-001, 3.34792793e-001,
    3.49447340e-001, 1.65628031e-001, 9.11673382e-002, 3.15297544e-001,
    2.66613722e-001, 1.09391972e-001, 4.81866539e-001, 5.61603785e-001,
    2.32578099e-001, 1.03760771e-001, 1.62928119e-001, 5.17907202e-001,
    3.80670518e-001, 3.06800157e-001, 4.19429779e-001, 3.96414012e-001,
    2.61277527e-001, 6.07958674e-001, 6.21295311e-002, 0., 0., 0., 0.,
    0., 2.80119568e-001, 7.40310192e-001, 6.41263247e-001, 0., 0., 0.,
    0., 0., 0., 3.15288633e-001, 6.99553072e-001, 5.54700196e-001, 0.,
    0., 0., 0., 0., 0., 0., 8.32050323e-001, 5.54700196e-001, 0., 0., 0.,
    0., 0., 0., 0., 8.32050323e-001, 1.71109751e-001, 3.39002311e-001,
    5.00848949e-001, 3.51952106e-001, 7.88810030e-002, 1.71278208e-001,
    3.80980283e-001, 4.23934579e-001, 3.47352862e-001, 3.25730801e-001,
    8.21001306e-002, 3.22166890e-001, 6.24915302e-001, 3.43537539e-001,
    1.23307437e-001, 9.69711766e-002, 2.65820831e-001, 4.23746914e-001,
    2.79509425e-001, 3.57630581e-001, 9.65716913e-002, 1.21445768e-001,
    2.77382433e-001, 2.43706390e-001, 1.24060944e-001, 4.67979461e-001,
    6.31798983e-001, 3.18630427e-001, 2.60319840e-002, 2.04419971e-001,
    4.64907020e-001, 3.64340544e-001, 2.96583086e-001, 4.27063793e-001,
    4.10894841e-001, 2.60667026e-001, 8.33160579e-001, 4.39617364e-003,
    0., 0., 0., 0., 0., 5.18822335e-002, 5.50574541e-001,
    8.40733409e-001, 2.38274783e-002, 0., 0., 0., 0., 0.,
    1.43965885e-001, 5.21414757e-001, 8.46215725e-001, 4.26975032e-003,
    0., 0., 0., 0., 0., 1.75122336e-001, 5.03222466e-001,
    8.86711776e-001, 0., 0., 0., 0., 0., 0., 2.88106412e-001,
    3.61575633e-001, 2.36542180e-001, 3.63605589e-001, 4.59117323e-001,
    3.58004093e-001, 9.48238820e-002, 1.85254321e-001, 3.57634366e-001,
    4.40867573e-001, 3.27575713e-001 ]
hog: [ 3.19089770e-001, 3.26065570e-001, 4.56970364e-001,
    4.48000431e-001, 7.07292557e-002, 1.92264482e-001, 3.21377665e-001,
    3.67934287e-001, 3.18918765e-001, 3.84990066e-001, 1.17758133e-001,
    3.64128709e-001, 5.68475604e-001, 3.43631327e-001, 8.42908621e-002,
    1.41190112e-001, 2.75467873e-001, 4.01443362e-001, 3.34792793e-001,
    3.49447340e-001, 1.65628031e-001, 9.11673382e-002, 3.15297544e-001,
    2.66613722e-001, 1.09391972e-001, 4.81866539e-001, 5.61603785e-001,
    2.32578099e-001, 1.03760771e-001, 1.62928119e-001, 5.17907202e-001,
    3.80670518e-001, 3.06800157e-001, 4.19429779e-001, 3.96414012e-001,
    2.61277527e-001, 6.07958674e-001, 6.21295311e-002, 0., 0., 0., 0.,
    0., 2.80119568e-001, 7.40310192e-001, 6.41263247e-001, 0., 0., 0.,
    0., 0., 0., 3.15288633e-001, 6.99553072e-001, 5.54700196e-001, 0.,
    0., 0., 0., 0., 0., 0., 8.32050323e-001, 5.54700196e-001, 0., 0., 0.,
    0., 0., 0., 0., 8.32050323e-001, 1.71109751e-001, 3.39002311e-001,
    5.00848949e-001, 3.51952106e-001, 7.88810030e-002, 1.71278208e-001,
    3.80980283e-001, 4.23934579e-001, 3.47352862e-001, 3.25730801e-001,
    8.21001306e-002, 3.22166890e-001, 6.24915302e-001, 3.43537539e-001,
    1.23307437e-001, 9.69711766e-002, 2.65820831e-001, 4.23746914e-001,
    2.79509425e-001, 3.57630581e-001, 9.65716913e-002, 1.21445768e-001,
    2.77382433e-001, 2.43706390e-001, 1.24060944e-001, 4.67979461e-001,
    6.31798983e-001, 3.18630427e-001, 2.60319840e-002, 2.04419971e-001,
    4.64907020e-001, 3.64340544e-001, 2.96583086e-001, 4.27063793e-001,
    4.10894841e-001, 2.60667026e-001, 8.33160579e-001, 4.39617364e-003,
    0., 0., 0., 0., 0., 5.18822335e-002, 5.50574541e-001,
    8.40733409e-001, 2.38274783e-002, 0., 0., 0., 0., 0.,
    1.43965885e-001, 5.21414757e-001, 8.46215725e-001, 4.26975032e-003,
    0., 0., 0., 0., 0., 1.75122336e-001, 5.03222466e-001,
    8.86711776e-001, 0., 0., 0., 0., 0., 0., 2.88106412e-001,
    3.61575633e-001, 2.36542180e-001, 3.63605589e-001, 4.59117323e-001,
    3.58004093e-001, 9.48238820e-002, 1.85254321e-001, 3.57634366e-001,
    4.40867573e-001, 3.27575713e-001, 3.07963699e-001, 1.06870495e-001,
    3.05679351e-001, 6.33830667e-001, 3.55886608e-001, 1.22664355e-001,
    8.09852183e-002, 2.66225338e-001, 4.23579395e-001 ]
hog: [ 3.19089770e-001, 3.26065570e-001, 4.56970364e-001,
    4.48000431e-001, 7.07292557e-002, 1.92264482e-001, 3.21377665e-001,
    3.67934287e-001, 3.18918765e-001, 3.84990066e-001, 1.17758133e-001,
    3.64128709e-001, 5.68475604e-001, 3.43631327e-001, 8.42908621e-002,
    1.41190112e-001, 2.75467873e-001, 4.01443362e-001, 3.34792793e-001,
    3.49447340e-001, 1.65628031e-001, 9.11673382e-002, 3.15297544e-001,
    2.66613722e-001, 1.09391972e-001, 4.81866539e-001, 5.61603785e-001,
    2.32578099e-001, 1.03760771e-001, 1.62928119e-001, 5.17907202e-001,
    3.80670518e-001, 3.06800157e-001, 4.19429779e-001, 3.96414012e-001,
    2.61277527e-001, 6.07958674e-001, 6.21295311e-002, 0., 0., 0., 0.,
    0., 2.80119568e-001, 7.40310192e-001, 6.41263247e-001, 0., 0., 0.,
    0., 0., 0., 3.15288633e-001, 6.99553072e-001, 5.54700196e-001, 0.,
    0., 0., 0., 0., 0., 0., 8.32050323e-001, 5.54700196e-001, 0., 0., 0.,
    0., 0., 0., 0., 8.32050323e-001, 1.71109751e-001, 3.39002311e-001,
    5.00848949e-001, 3.51952106e-001, 7.88810030e-002, 1.71278208e-001,
    3.80980283e-001, 4.23934579e-001, 3.47352862e-001, 3.25730801e-001,
    8.21001306e-002, 3.22166890e-001, 6.24915302e-001, 3.43537539e-001,
    1.23307437e-001, 9.69711766e-002, 2.65820831e-001, 4.23746914e-001,
    2.79509425e-001, 3.57630581e-001, 9.65716913e-002, 1.21445768e-001,
    2.77382433e-001, 2.43706390e-001, 1.24060944e-001, 4.67979461e-001,
    6.31798983e-001, 3.18630427e-001, 2.60319840e-002, 2.04419971e-001,
    4.64907020e-001, 3.64340544e-001, 2.96583086e-001, 4.27063793e-001,
    4.10894841e-001, 2.60667026e-001, 8.33160579e-001, 4.39617364e-003,
    0., 0., 0., 0., 0., 5.18822335e-002, 5.50574541e-001,
    8.40733409e-001, 2.38274783e-002, 0., 0., 0., 0., 0.,
    1.43965885e-001, 5.21414757e-001, 8.46215725e-001, 4.26975032e-003,
    0., 0., 0., 0., 0., 1.75122336e-001, 5.03222466e-001,
    8.86711776e-001, 0., 0., 0., 0., 0., 0., 2.88106412e-001,
    3.61575633e-001, 2.36542180e-001, 3.63605589e-001, 4.59117323e-001,
    3.58004093e-001, 9.48238820e-002, 1.85254321e-001, 3.57634366e-001,
    4.40867573e-001, 3.27575713e-001, 3.07963699e-001, 1.06870495e-001,
    3.05679351e-001, 6.33830667e-001, 3.55886608e-001, 1.22664355e-001,
    8.09852183e-002, 2.66225338e-001, 4.23579395e-001, 3.72793347e-001,
    3.29612613e-001, 1.14924610e-001, 1.30562812e-001, 3.24774444e-001,
    2.04706147e-001, 9.20409486e-002, 5.27281821e-001, 5.36885083e-001 ]
